GATE_UW_SS: 1488,838,48,35
GATE_CC_UW: 115,2389,48,35
GATE_SH_UW: 1789,1671,48,35
GATE_SS_UW: 788,1610,48,35
GATE_UW_LC: 219,1576,48,35
GATE_UW_SL: 2119,740,48,35
UW_C08: 1331,827,152,35
UW_C07: 630,1616,152,35
UW_H01: 219,1613,408,38
UW_A14: 171,1614,48,37
UW_A12: 171,1576,48,35
UW_F01: 67,1381,59,228
UW_A13: 127,1364,48,35
UW_S03: 164,1364,48,35
UW_E01: 67,1187,59,187
UW_A02: 66,1148,59,35
UW_J01: 10,940,116,200
UW_A01: 68,896,59,37
UW_D01: 68,737,59,154
UW_D07: 69,654,105,78
UW_S04: 128,732,48,35
UW_C05: 175,2314,152,35
UW_D06: 328,2317,104,78
UW_S01: 433,2320,48,35
UW_C04: 433,704,154,40
UW_A03: 1087,730,48,35
UW_I01: 1174,751,154,110
UW_S02: 1328,750,48,35
UW_A10: 1083,790,48,35
UW_A08: 1649,728,48,35
UW_C03: 1688,683,148,44
UW_D04: 1836,2298,111,78
UW_B01: 1946,679,104,44
UW_PREGATE: 1998,729,104,35
UW_S07: 1959,725,48,35
UW_D03: 1787,2157,48,154
UW_A09: 1899,2070,48,35
UW_S06: 1898,2041,48,35
UW_E03: 1839,1992,48,190
UW_E02: 1786,1819,48,190
UW_A07: 1840,1913,48,35
UW_C06: 1898,1918,48,112
UW_D02: 1838,1682,48,154
UW_S05: 1887,1686,48,35
UW_D05RIV: 593,709,228,35
UW_A04RIV: 825,709,48,35
UW_C02RIV: 879,623,48,121
UW_A05RIV: 918,729,48,35
UW_C01RIV: 944,691,152,35
UW_A06RIV: 1364,727,48,35
UW_E04RIV: 1403,689,254,37
UW_A11RIV: 1361,786,48,35
UW_J02RIV: 1123,648,254,78
